11254
11012
10764
10511
10255
9996
9729
9459
9185
8906
8621
8341
8050
7755
7461
7162
6858
6554
6243
5933
5619
5302
4984
4663
4339
4013
3688
3358
3032
2698
2367
2035
1699
1362
1027
692
356
21
-316
-657
-988
-1325
-1659
-1994
-2327
-2659
-2991
-3320
-3649
-3975
-4301
-4624
-4945
-5264
-5581
-5896
-6208
-6517
-6823
-7129
-7425
-7723
-8016
-8307
-8591
-8874
-9153
-9427
-9698
-9962
-10225
-10484
-10736
-10984
-11228
-11465
-11699
-11926
-12148
-12367
-12579
-12786
-12986
-13182
-13370
-13556
-13731
-13904
-14071
-14230
-14379
-14529
-14669
-14802
-14931
-15052
-15165
-15275
-15373
-15468
-15556
-15636
-15709
-15776
-15837
-15889
-15936
-15974
-16005
-16032
-16048
-16060
-16063
-16061
-16049
-16033
-16008
-15976
-15939
-15892
-15841
-15782
-15714
-15641
-15562
-15476
-15382
-15282
-15172
-15060
-14940
-14813
-14679
-14538
-14393
-14238
-14083
-13916
-13745
-13569
-13385
-13194
-13001
-12800
-12594
-12385
-12167
-11942
-11716
-11483
-11245
-11004
-10755
-10504
-10246
-9985
-9717
-9448
-9174
-8896
-8615
-8327
-8037
-7746
-7449
-7148
-6847
-6540
-6230
-5921
-5605
-5289
-4970
-4650
-4325
-4001
-3675
-3346
-3016
-2686
-2354
-2013
-1684
-1349
-1014
-677
-341
-4
331
664
1004
1338
1672
2008
2341
2673
3005
3334
3661
3988
4314
4639
4959
5275
5594
5908
6221
6529
6836
7139
7438
7734
8027
8316
8603
8885
9163
9438
9710
9974
10236
10491
10745
10993
11235
11475
11708
11935
12156
12374
12585
12792
12995
13188
13376
13561
13737
13908
14074
14232
14384
14533
14671
14806
14932
15052
15166
15276
15374
15468
15556
15634
15707
15776
15835
15886
15934
15970
16003
16028
16044
16054
16060
16054
16042
16028
16001
15970
15933
15884
15833
15774
15706
15631
15553
15464
15371
15273
15162
15049
14928
14800
14665
14527
14379
14227
14069
13902
13729
13554
13370
13180
12987
12784
12578
12366
12149
11926
11700
11464
11228
10985
10734
10483
10227
9965
9698
9428
9153
8877
8595
8307
8016
7724
7427
7128
6826
6518
6209
5898
5583
5266
4948
4626
4302
3977
3652
3323
2993
2662
2329
1997
1661
1326
990
654
318
-17
-353
-689
-1025
-1361
-1702
-2031
-2364
-2697
-3029
-3357
-3686
-4012
-4336
-4660
-4982
-5300
-5617
-5931
-6241
-6550
-6858
-7159
-7460
-7755
-8047
-8338
-8624
-8906
-9184
-9460
-9728
-9993
-10254
-10511
-10763
-11010
-11254
-11491
-11726
-11949
-12173
-12391
-12601
-12808
-13010
-13203
-13391
-13576
-13751
-13923
-14090
-14245
-14398
-14546
-14684
-14817
-14945
-15061
-15178
-15288
-15384
-15477
-15566
-15644
-15718
-15784
-15841
-15894
-15941
-15977
-16009
-16035
-16051
-16059
-16066
-16059
-16048
-16032
-16005
-15972
-15933
-15887
-15832
-15776
-15705
-15632
-15553
-15464
-15370
-15271
-15161
-15046
-14928
-14797
-14665
-14525
-14376
-14223
-14065
-13898
-13723
-13549
-13364
-13176
-12981
-12777
-12572
-12362
-12141
-11918
-11692
-11455
-11219
-10977
-10728
-10475
-10217
-9953
-9688
-9417
-9143
-8866
-8584
-8296
-8005
-7712
-7410
-7115
-6813
-6506
-6196
-5885
-5570
-5253
-4936
-4613
-4290
-3965
-3638
-3309
-2979
-2648
-2316
-1983
-1646
-1312
-976
-639
-303
32
368
704
1040
1376
1711
2047
2377
2710
3041
3370
3699
4025
4356
4674
4995
5314
5631
5945
6253
6565
6869
7173
7471
7767
8060
8349
8636
8916
9195
9470
9739
10003
10267
10519
10773
11020
11262
11500
11734
11956
12181
12399
12609
12815
13016
13209
13397
13580
13757
13927
14095
14251
14401
14550
14686
14821
14947
15066
15179
15287
15385
15478
15565
15642
15717
15784
15839
15892
15938
15975
16005
16030
16043
16058
16060
16053
16043
16025
15998
15966
15929
15878
15827
15768
15699
15624
15543
15455
15360
15260
15149
15036
14915
14787
14652
14511
14363
14207
14051
13883
13712
13535
13349
13160
12965
12762
12557
12343
12124
11901
11672
11437
11201
10956
10709
10456
10198
9934
9669
9399
9123
8845
8563
8276
7985
7692
7392
7094
6792
6484
6174
5864
5547
5230
4913
4590
4269
3941
3615
3286
2956
2624
2291
1958
1624
1288
953
616
281
-56
-391
-726
-1062
-1400
-1734
-2069
-2401
-2735
-3064
-3394
-3723
-4048
-4378
-4695
-5017
-5333
-5652
-5965
-6280
-6585
-6892
-7193
-7492
-7789
-8079
-8370
-8656
-8937
-9213
-9490
-9757
-10022
-10285
-10540
-10792
-11038
-11279
-11520
-11750
-11974
-12199
-12414
-12624
-12831
-13031
-13224
-13412
-13594
-13770
-13941
-14105
-14263
-14417
-14561
-14699
-14831
-14958
-15077
-15190
-15296
-15394
-15490
-15576
-15651
-15726
-15790
-15849
-15899
-15944
-15981
-16013
-16035
-16049
-16062
-16063
-16059
-16047
-16028
-16001
-15968
-15930
-15879
-15829
-15767
-15699
-15624
-15542
-15455
-15359
-15258
-15148
-15035
-14912
-14783
-14647
-14508
-14359
-14205
-14046
-13878
-13706
-13527
-13343
-13152
-12957
-12754
-12548
-12334
-12117
-11895
-11665
-11429
-11192
-10949
-10699
-10446
-10189
-9923
-9658
-9389
-9112
-8834
-8552
-8262
-7973
-7679
-7381
-7083
-6778
-6472
-6161
-5849
-5533
-5217
-4899
-4578
-4253
-3929
-3601
-3272
-2942
-2612
-2280
-1945
-1610
-1270
-939
-603
-266
70
405
741
1078
1413
1747
2082
2416
2747
3077
3409
3735
4064
4386
4711
5029
5348
5666
5977
6288
6597
6903
7204
7504
7801
8091
8382
8667
8948
9225
9499
9768
10034
10293
10549
10801
11048
11290
11527
11757
11985
12205
12422
12631
12837
13037
13229
13419
13600
13775
13946
14111
14267
14419
14562
14702
14835
14960
15077
15191
15296
15395
15489
15573
15650
15725
15788
15846
15897
15941
15977
16009
16031
16047
16057
16058
16052
16042
16021
15993
15963
15922
15874
15821
15759
15690
15616
15533
15444
15350
15245
15137
15024
14900
14773
14635
14495
14346
14194
14031
13866
13692
13513
13328
13139
12941
12739
12533
12318
12100
11875
11646
11412
11175
10929
10679
10428
10169
9904
9640
9366
9091
8813
8529
8243
7952
7658
7360
7061
6756
6448
6142
5827
5512
5196
4877
4555
4230
3905
3579
3250
2921
2587
2255
1922
1586
1250
916
579
245
-94
-427
-768
-1101
-1437
-1773
-2105
-2438
-2771
-3102
-3431
-3759
-4084
-4409
-4733
-5053
-5371
-5686
-6000
-6310
-6619
-6925
-7226
-7526
-7824
-8113
-8402
-8686
-8967
-9245
-9518
-9788
-10053
-10313
-10568
-10819
-11066
-11306
-11545
-11774
-12002
-12224
-12439
-12649
-12854
-13052
-13246
-13435
-13615
-13790
-13961
-14122
-14279
-14432
-14576
-14714
-14848
-14970
-15090
-15204
-15306
-15405
-15499
-15583
-15660
-15734
-15796
-15854
-15907
-15948
-15984
-16016
-16037
-16053
-16062
-16064
-16056
-16047
-16025
-15997
-15967
-15924
-15877
-15822
-15760
-15689
-15616
-15533
-15444
-15349
-15243
-15137
-15023
-14897
-14768
-14634
-14489
-14341
-14189
-14026
-13860
-13688
-13507
-13322
-13133
-12934
-12733
-12526
-12309
-12088
-11868
-11638
-11403
-11167
-10920
-10671
-10418
-10158
-9896
-9630
-9357
-9081
-8803
-8519
-8231
-7941
-7645
-7348
-7049
-6743
-6438
-6126
-5815
-5501
-5183
-4863
-4540
-4219
-3891
-3564
-3234
-2906
-2574
-2241
-1906
-1572
-1238
-901
-565
-230
105
447
780
1115
1451
1784
2119
2452
2785
3114
3444
3773
4100
4423
4745
5066
5382
5700
6013
6323
6634
6935
7239
7538
7832
8125
8413
8697
8979
9258
9529
9797
10063
10321
10578
10829
11074
11316
11552
11784
12011
12232
12445
12656
12861
13057
13252
13439
13618
13794
13965
14128
14285
14439
14578
14718
14850
14973
15092
15205
15307
15406
15500
15582
15660
15733
15794
15852
15904
15945
15983
16012
16034
16049
16059
16058
16051
16040
16018
15992
15957
15916
15867
15815
15751
15682
15609
15523
15434
15338
15234
15125
15010
14884
14756
14622
14477
14331
14174
14013
13846
13673
13492
13308
13117
12918
12717
12510
12295
12075
11851
11618
11386
11147
10901
10653
10400
10140
9876
9611
9336
9062
8782
8498
8211
7920
7626
7326
7027
6722
6416
6105
5793
5478
5160
4840
4518
4195
3868
3542
3213
2882
2550
2218
1885
1550
1212
879
543
205
-128
-466
-802
-1138
-1474
-1808
-2143
-2480
-2808
-3137
-3468
-3795
-4120
-4445
-4768
-5087
-5407
-5723
-6035
-6346
-6652
-6957
-7261
-7558
-7854
-8144
-8433
-8719
-8999
-9276
-9548
-9819
-10081
-10340
-10597
-10847
-11096
-11335
-11572
-11799
-12028
-12247
-12462
-12672
-12877
-13073
-13267
-13454
-13633
-13810
-13978
-14140
-14298
-14449
-14591
-14730
-14860
-14984
-15104
-15214
-15317
-15415
-15508
-15591
-15668
-15741
-15801
-15862
-15911
-15953
-15989
-16018
-16040
-16055
-16063
-16062
-16058
-16044
-16022
-15995
-15961
-15918
-15870
-15818
-15751
-15685
-15607
-15523
-15432
-15336
-15233
-15122
-15009
-14882
-14755
-14618
-14474
-14326
-14170
-14008
-13841
-13667
-13487
-13302
-13111
-12912
-12711
-12502
-12284
-12067
-11843
-11612
-11378
-11139
-10891
-10643
-10389
-10129
-9866
-9599
-9326
-9051
-8772
-8486
-8198
-7906
-7613
-7316
-7013
-6710
-6403
-6092
-5780
-5465
-5148
-4827
-4506
-4181
-3853
-3527
-3199
-2868
-2537
-2206
-1869
-1535
-1199
-864
-528
-191
143
485
817
1153
1487
1823
2156
2490
2821
3152
3482
3809
4136
4458
4783
5101
5419
5736
6048
6359
6666
6972
7272
7571
7865
8158
8446
8729
9010
9286
9559
9828
10091
10351
10605
10856
11101
11343
11580
11807
12035
12254
12467
12681
12883
13080
13272
13458
13639
13815
13983
14146
14304
14451
14594
14733
14862
14986
15105
15214
15320
15417
15509
15591
15670
15740
15802
15860
15908
15950
15986
16015
16035
16051
16056
16057
16053
16036
16016
15988
15954
15910
15865
15807
15744
15674
15598
15514
15423
15328
15221
15113
14995
14870
14742
14603
14462
14314
14157
13993
13828
13651
13472
13288
13094
12896
12693
12484
12271
12051
11825
11594
11360
