-522
-859
-1195
-1531
-1866
-2199
-2533
-2863
-3193
-3523
-3850
-4175
-4500
-4822
-5141
-5461
-5774
-6088
-6398
-6704
-7010
-7312
-7609
-7904
-8195
-8482
-8765
-9048
-9322
-9595
-9862
-10125
-10386
-10639
-10890
-11134
-11376
-11610
-11839
-12066
-12281
-12498
-12709
-12910
-13108
-13300
-13482
-13665
-13840
-14005
-14167
-14324
-14472
-14616
-14754
-14881
-15005
-15124
-15234
-15336
-15433
-15521
-15606
-15684
-15751
-15815
-15872
-15919
-15959
-15997
-16021
-16043
-16058
-16061
-16062
-16056
-16041
-16018
-15991
-15953
-15911
-15862
-15804
-15742
-15672
-15592
-15509
-15418
-15319
-15216
-15107
-14985
-14863
-14732
-14593
-14450
-14300
-14143
-13980
-13814
-13637
-13456
-13270
-13077
-12879
-12676
-12465
-12250
-12032
-11803
-11572
-11337
-11096
-10850
-10601
-10346
-10085
-9821
-9552
-9281
-9005
-8722
-8438
-8151
-7858
-7563
-7263
-6962
-6658
-6352
-6040
-5727
-5412
-5093
-4773
-4451
-4122
-3799
-3472
-3143
-2813
-2481
-2148
-1813
-1478
-1143
-807
-470
-133
202
535
873
1210
1546
1878
2213
2545
2878
3207
3537
3864
4190
4515
4836
5156
5473
5788
6101
6410
6717
7021
7324
7620
7916
8208
8494
8778
9057
9332
9605
9873
10136
10395
10650
10897
11143
11385
11617
11847
12073
12291
12506
12713
12916
13114
13306
13488
13669
13845
14009
14173
14329
14474
14618
14756
14884
15007
15124
15233
15336
15433
15521
15605
15681
15750
15812
15869
15916
15958
15993
16019
16040
16052
16058
16056
16050
16033
16011
15984
15946
15904
15854
15795
15732
15663
15581
15501
15408
15308
15206
15092
14973
14850
14720
14580
14437
14288
14128
13965
13798
13623
13441
13255
13061
12862
12659
12448
12233
12013
11786
11556
11317
11074
10833
10582
10325
10067
9802
9533
9260
8984
8703
8418
8131
7836
7542
7243
6942
6636
6329
6017
5704
5388
5071
4750
4428
4105
3777
3448
3120
2790
2457
2124
1790
1456
1120
783
449
111
-226
-563
-897
-1233
-1570
-1903
-2237
-2568
-2901
-3230
-3561
-3886
-4213
-4537
-4857
-5180
-5495
-5810
-6124
-6433
-6738
-7043
-7344
-7642
-7937
-8227
-8513
-8799
-9078
-9352
-9626
-9892
-10154
-10414
-10667
-10916
-11161
-11403
-11636
-11865
-12091
-12305
-12522
-12730
-12932
-13130
-13320
-13504
-13684
-13857
-14024
-14186
-14340
-14488
-14632
-14768
-14895
-15019
-15136
-15243
-15347
-15443
-15531
-15616
-15690
-15759
-15820
-15875
-15923
-15965
-15998
-16025
-16046
-16056
-16063
-16062
-16054
-16036
-16016
-15985
-15949
-15906
-15857
-15798
-15734
-15663
-15582
-15500
-15407
-15309
-15204
-15093
-14973
-14849
-14716
-14577
-14435
-14284
-14125
-13962
-13793
-13617
-13437
-13248
-13055
-12856
-12653
-12440
-12228
-12006
-11778
-11545
-11311
-11068
-10824
-10572
-10314
-10056
-9792
-9522
-9250
-8973
-8691
-8406
-8117
-7824
-7530
-7231
-6924
-6625
-6316
-6004
-5692
-5377
-5058
-4736
-4414
-4088
-3764
-3435
-3107
-2776
-2443
-2110
-1775
-1440
-1105
-770
-432
-97
239
575
912
1246
1581
1917
2250
2582
2915
3244
3575
3899
4226
4548
4873
5192
5508
5824
6137
6445
6751
7057
7356
7654
7947
8241
8525
8809
9087
9362
9636
9902
10164
10423
10675
10925
11171
11409
11643
11873
12097
12316
12528
12737
12939
13135
13325
13509
13689
13863
14030
14190
14343
14491
14634
14771
14896
15022
15136
15245
15348
15443
15530
15615
15689
15757
15819
15875
15921
15962
15993
16020
16042
16054
16058
16059
16047
16031
16010
15979
15942
15899
15849
15790
15727
15651
15573
15491
15395
15297
15192
15081
14960
14838
14705
14565
14421
14268
14112
13948
13778
13602
13421
13232
13040
12840
12634
12425
12210
11987
11760
11530
11293
11050
10806
10554
10297
10038
9772
9502
9231
8953
8670
8386
8096
7803
7508
7209
6908
6604
6294
5984
5670
5354
5035
4714
4391
4067
3740
3413
3079
2750
2421
2087
1753
1417
1082
745
410
72
-261
-598
-936
-1270
-1606
-1941
-2274
-2607
-2938
-3268
-3595
-3923
-4249
-4572
-4894
-5214
-5530
-5844
-6158
-6470
-6775
-7077
-7377
-7674
-7970
-8260
-8545
-8830
-9108
-9385
-9656
-9922
-10183
-10443
-10695
-10943
-11188
-11427
-11662
-11890
-12114
-12331
-12545
-12751
-12953
-13153
-13340
-13525
-13706
-13875
-14044
-14205
-14354
-14505
-14648
-14782
-14911
-15034
-15147
-15255
-15358
-15454
-15542
-15626
-15696
-15766
-15828
-15880
-15929
-15968
-16001
-16028
-16049
-16057
-16063
-16063
-16052
-16036
-16015
-15982
-15946
-15902
-15849
-15791
-15728
-15654
-15576
-15490
-15396
-15297
-15193
-15078
-14958
-14835
-14700
-14563
-14418
-14265
-14106
-13945
-13772
-13596
-13416
-13226
-13035
-12833
-12627
-12418
-12202
-11980
-11753
-11521
-11284
-11042
-10796
-10544
-10286
-10028
-9761
-9490
-9218
-8941
-8660
-8370
-8084
-7793
-7497
-7196
-6896
-6591
-6280
-5969
-5659
-5340
-5022
-4701
-4378
-4052
-3727
-3400
-3069
-2739
-2406
-2073
-1739
-1404
-1067
-732
-395
-59
275
612
949
1285
1621
1954
2289
2618
2953
3282
3609
3937
4262
4587
4906
5228
5543
5859
6170
6480
6786
7091
7389
7690
7981
8271
8556
8841
9119
9394
9665
9931
10194
10453
10703
10953
11199
11436
11671
11899
12123
12339
12554
12759
12961
13157
13346
13530
13710
13879
14048
14208
14359
14509
14652
14785
14911
15035
15149
15257
15361
15453
15542
15625
15697
15765
15825
15878
15925
15968
15997
16023
16045
16053
16058
16056
16047
16030
16008
15975
15937
15894
15842
15782
15717
15645
15566
15481
15385
15287
15184
15067
14948
14821
14689
14549
14406
14252
14094
13931
13757
13583
13402
13211
13018
12818
12611
12402
12187
11963
11736
11503
11265
11024
10778
10525
10268
10009
9743
9470
9199
8920
8640
8353
8064
7771
7476
7175
6875
6568
6253
5949
5635
5318
5001
4679
4355
4031
3704
3374
3046
2716
2384
2052
1715
1379
1044
709
372
37
-299
-636
-976
-1309
-1643
-1978
-2311
-2643
-2974
-3305
-3633
-3957
-4286
-4606
-4930
-5249
-5566
-5880
-6191
-6502
-6807
-7113
-7411
-7708
-8001
-8292
-8578
-8861
-9140
-9414
-9685
-9954
-10213
-10470
-10721
-10971
-11216
-11452
-11688
-11916
-12137
-12356
-12569
-12776
-12977
-13174
-13362
-13545
-13723
-13894
-14062
-14223
-14373
-14522
-14663
-14796
-14924
-15046
-15160
-15269
-15368
-15463
-15552
-15633
-15704
-15773
-15834
-15886
-15934
-15974
-16003
-16032
-16048
-16058
-16064
-16060
-16049
-16034
-16011
-15977
-15940
-15894
-15844
-15786
-15719
-15644
-15566
-15480
-15384
-15286
-15180
-15065
-14946
-14820
-14686
-14546
-14402
-14247
-14091
-13925
-13754
-13578
-13394
-13205
-13009
-12811
-12604
-12396
-12178
-11954
-11727
-11492
-11255
-11015
-10768
-10516
-10257
-9997
-9733
-9462
-9189
-8910
-8630
-8343
-8053
-7759
-7463
-7162
-6861
-6555
-6246
-5936
-5622
-5304
-4986
-4664
-4341
-4016
-3692
-3361
-3033
-2700
-2370
-2036
-1700
-1365
-1030
-694
-356
-20
314
648
985
1322
1656
1991
2324
2658
2988
3319
3645
3974
4298
4623
4943
5261
5580
5892
6206
6513
6819
7122
7423
7720
8015
8302
8589
8871
9151
9424
9695
9961
10225
10480
10733
10980
11223
11461
11696
11923
12145
12367
12577
12782
12984
13177
13367
13551
13728
13899
14067
14224
14376
14526
14665
14797
14927
15047
15161
15269
15369
15464
15551
15633
15704
15772
15832
15882
15933
15970
16001
16025
16043
16054
16059
16055
16044
16029
16003
15972
15933
15888
15834
15775
15709
15634
15557
15469
15375
15275
15167
15054
14933
14806
14673
14533
14387
14235
14077
13912
13739
13562
13379
13189
12997
12796
12587
12378
12161
11936
11710
11477
11239
10996
10750
10497
10238
9979
9713
9442
9168
8889
8609
8321
8032
7738
7442
7142
6840
6533
6224
5913
5599
5281
4964
4642
4318
3994
3667
3339
3009
2680
2347
2013
1677
1341
1009
669
334
0
-337
-673
-1008
-1347
-1682
-2014
-2349
-2679
-3010
-3341
-3669
-3997
-4320
-4645
-4964
-5284
-5600
-5916
-6226
-6536
-6842
-7144
-7444
-7741
-8033
-8323
-8611
-8893
-9170
-9449
-9716
-9981
-10242
-10498
-10752
-11000
-11243
-11479
-11712
-11940
-12162
-12381
-12591
-12797
-13000
-13193
-13383
-13566
-13742
-13913
-14081
-14237
-14389
-14538
-14677
-14811
-14939
-15057
-15172
-15281
-15378
-15474
-15562
-15640
-15713
-15780
-15839
-15892
-15938
-15976
-16008
-16034
-16050
-16058
-16065
-16060
-16048
-16032
-16005
-15974
-15936
-15890
-15837
-15779
-15710
-15638
-15557
-15470
-15376
-15276
-15167
-15052
-14932
-14804
-14669
-14533
-14383
-14230
-14072
-13906
-13734
-13554
-13373
-13183
-12990
-12788
-12581
-12371
-12153
-11924
-11703
-11467
-11230
-10989
-10738
-10488
-10231
-9968
-9702
-9432
-9157
-8878
-8597
-8309
-8020
-7729
-7429
-7129
-6828
-6521
-6212
-5902
-5585
-5268
-4951
-4630
-4306
-3980
-3653
-3325
-2996
-2664
-2332
-1998
-1663
-1329
-994
-656
-322
18
350
687
1023
1360
1693
2029
2361
2694
3024
3355
3683
4008
4335
4658
4978
5297
5614
5929
6238
6548
6853
7157
7456
7754
8046
8334
8621
8901
9180
9456
9724
9991
10254
10508
10760
11009
11251
11489
11722
11947
12171
12392
12598
12804
13006
13199
13388
13573
13746
13920
14084
14241
14395
14542
14680
14814
14940
15060
15173
15281
15380
15474
15563
15639
15714
15780
15838
15889
15936
15973
16003
16030
16044
16056
16059
16054
16043
16027
16000
15967
15931
15882
15830
15771
15700
15628
15547
15459
15365
15265
15156
15042
14921
14792
14658
14518
14370
14218
14061
13889
13720
13545
13358
13169
12974
12772
12562
12354
12134
11911
11685
11450
11213
10970
10722
10469
10211
9948
9683
9413
9137
8858
8577
8290
7999
7706
7410
7108
6807
6500
6190
5879
5564
5247
4930
4607
4281
3957
3630
3301
2974
2640
2310
1974
1640
1305
969
632
297
-37
-374
