-522
-859
-1195
-1531
-1866
-2199
-2533
-2863
-3193
-3523
-3850
-4175
-4500
-4822
-5141
-5461
-5774
-6088
-6398
-6704
-7010
-7312
-7609
-7904
-8195
-8482
-8765
-9048
-9322
-9595
-9862
-10125
-10386
-10639
-10890
-11134
-11376
-11610
-11839
-12066
-12281
-12498
-12709
-12910
-13108
-13300
-13482
-13665
-13840
-14005
-14167
-14324
-14472
-14616
-14754
-14881
-15005
-15124
-15234
-15336
-15433
-15521
-15606
-15684
-15751
-15815
-15872
-15919
-15959
-15997
-16021
-16043
-16058
-16061
-16062
-16056
-16041
-16018
-15991
-15953
-15911
-15862
-15804
-15742
-15672
-15592
-15509
-15418
-15319
-15216
-15107
-14985
-14863
-14732
-14593
-14450
-14300
-14143
-13980
-13814
-13637
-13456
-13270
-13077
-12879
-12676
-12465
-12250
-12032
-11803
-11572
-11337
-11096
-10850
-10601
-10346
-10085
-9821
-9552
-9281
-9005
-8722
-8438
-8151
-7858
-7563
-7263
-6962
-6658
-6352
-6040
-5727
-5412
-5093
-4773
-4451
-4122
-3799
-3472
-3143
-2813
-2481
-2148
-1813
-1478
-1143
-807
-470
-133
202
535
873
1210
1546
1878
2213
2545
2878
3207
3537
3864
4190
4515
4836
5156
5473
5788
6101
6410
6717
7021
7324
7620
7916
8208
8494
8778
9057
9332
9605
9873
10136
10395
10650
10897
11143
11385
11617
11847
12073
12291
12506
12713
12916
13114
13306
13488
13669
13845
14009
14173
14329
14474
14618
14756
14884
15007
15124
15233
15336
15433
15521
15605
15681
15750
15812
15869
15916
15958
15993
16019
16040
16052
16058
16056
16050
16033
16011
15984
15946
15904
15854
15795
15732
15663
15581
15501
15408
15308
15206
15092
14973
14850
14720
14580
14437
14288
14128
13965
13798
13623
13441
13255
13061
12862
12659
12448
12233
12013
11786
11556
11317
11074
10833
10582
10325
10067
9802
9533
9260
8984
8703
8418
8131
7836
7542
7243
6942
6636
6329
6017
5704
5388
5071
4750
4428
4105
3777
3448
3120
2790
2457
2124
1790
1456
1120
783
449
111
-226
-563
-897
-1233
-1570
-1903
-2237
-2568
-2901
-3230
-3561
-3886
-4213
-4537
-4857
-5180
-5495
-5810
-6124
-6433
-6738
-7043
-7344
-7642
-7937
-8227
-8513
-8799
-9078
-9352
-9626
-9892
-10154
-10414
-10667
-10916
-11161
-11403
-11636
-11865
-12091
-12305
-12522
-12730
-12932
-13130
-13320
-13504
-13684
-13857
-14024
-14186
-14340
-14488
-14632
-14768
-14895
-15019
-15136
-15243
-15347
-15443
-15531
-15616
-15690
-15759
-15820
-15875
-15923
-15965
-15998
-16025
-16046
-16056
-16063
-16062
-16054
-16036
-16016
-15985
-15949
-15906
-15857
-15798
-15734
-15663
-15582
-15500
-15407
-15309
-15204
-15093
-14973
-14849
-14716
-14577
-14435
-14284
-14125
-13962
-13793
-13617
-13437
-13248
-13055
-12856
-12653
-12440
-12228
-12006
-11778
-11545
-11311
-11068
-10824
-10572
-10314
-10056
-9792
-9522
-9250
-8973
-8691
-8406
-8117
-7824
-7530
-7231
-6924
-6625
-6316
-6004
-5692
-5377
-5058
-4736
-4414
-4088
-3764
-3435
-3107
-2776
-2443
-2110
-1775
-1440
-1105
-770
-432
-97
239
575
912
1246
1581
1917
2250
2582
2915
3244
3575
3899
4226
4548
4873
5192
5508
5824
6137
6445
6751
7057
7356
7654
7947
8241
8525
8809
9087
9362
9636
9902
10164
10423
10675
10925
11171
11409
11643
11873
12097
12316
12528
12737
12939
13135
13325
13509
13689
13863
14030
14190
14343
14491
14634
14771
14896
15022
15136
15245
15348
15443
15530
15615
15689
15757
15819
15875
15921
15962
15993
16020
16042
16054
16058
16059
16047
16031
16010
15979
15942
15899
15849
15790
15727
15651
15573
15491
15395
15297
15192
15081
14960
14838
14705
14565
14421
14268
14112
13948
13778
13602
13421
13232
13040
12840
12634
12425
12210
11987
11760
11530
11293
11050
10806
10554
10297
10038
9772
9502
9231
8953
8670
8386
8096
7803
7508
7209
6908
6604
6294
5984
5670
5354
5035
4714
4391
4067
3740
3413
3079
2750
2421
2087
1753
1417
1082
745
410
72
-261
-598
-936
-1270
-1606
-1941
-2274
-2607
-2938
-3268
-3595
-3923
-4249
-4572
-4894
-5214
-5530
-5844
-6158
-6470
-6775
-7077
-7377
-7674
-7970
-8260
-8545
-8830
-9108
-9385
-9656
-9922
-10183
-10443
-10695
-10943
-11188
-11427
-11662
-11890
-12114
-12331
-12545
-12751
-12953
-13153
-13340
-13525
-13706
-13875
-14044
-14205
-14354
-14505
-14648
-14782
-14911
-15034
-15147
-15255
-15358
-15454
-15542
-15626
-15696
-15766
-15828
-15880
-15929
-15968
-16001
-16028
-16049
-16057
-16063
-16063
-16052
-16036
-16015
-15982
-15946
-15902
-15849
-15791
-15728
-15654
-15576
-15490
-15396
-15297
-15193
-15078
-14958
-14835
-14700
-14563
-14418
-14265
-14106
-13945
-13772
-13596
-13416
-13226
-13035
-12833
-12627
-12418
-12202
-11980
-11753
-11521
-11284
-11042
-10796
-10544
-10286
-10028
-9761
-9490
-9218
-8941
-8660
-8370
-8084
-7793
-7497
-7196
-6896
-6591
-6280
-5969
-5659
-5340
-5022
-4701
-4378
-4052
-3727
-3400
-3069
-2739
-2406
-2073
-1739
-1404
-1067
-732
-395
-59
275
612
949
1285
1621
1954
2289
2618
2953
3282
3609
3937
4262
4587
4906
5228
5543
5859
6170
6480
6786
7091
7389
7690
7981
8271
8556
8841
9119
9394
9665
9931
10194
10453
10703
10953
11199
11436
11671
11899
12123
12339
12554
12759
12961
13157
13346
13530
13710
13879
14048
14208
14359
14509
14652
14785
14911
15035
15149
15257
15361
15453
15542
15625
15697
15765
15825
15878
15925
15968
15997
16023
16045
16053
16058
16056
16047
16030
16008
15975
15937
15894
15842
15782
15717
15645
15566
15481
15385
15287
15184
15067
14948
14821
14689
14549
14406
14252
14094
13931
13757
13583
13402
13211
13018
12818
12611
12402
12187
11963
11736
11503
11265
11024
10778
10525
10268
10009
9743
9470
9199
8920
8640
8353
8064
7771
7476
7175
6875
6568
6253
5949
5635
5318
5001
4679
4355
4031
3704
3374
3046
2716
2384
2052
1715
1379
1044
709
372
37
-299
-636
-976
-1309
-1643
-1978
-2311
-2643
-2974
-3305
-3633
-3957
-4286
-4606
-4930
-5249
-5566
-5880
-6191
-6502
-6807
-7113
-7411
-7708
-8001
-8292
-8578
-8861
-9140
-9414
-9685
-9954
-10213
-10470
-10721
-10971
-11216
-11452
-11688
-11916
-12137
-12356
-12569
-12776
-12977
-13174
-13362
-13545
-13723
-13894
-14062
-14223
-14373
-14522
-14663
-14796
-14924
-15046
-15160
-15269
-15368
-15463
-15552
-15633
-15704
-15773
-15834
-15886
-15934
-15974
-16003
-16032
-16048
-16058
-16064
-16060
-16049
-16034
-16011
-15977
-15940
-15894
-15844
-15786
-15719
-15644
-15566
-15480
-15384
-15286
-15180
-15065
-14946
-14820
-14686
-14546
-14402
-14247
-14091
-13925
-13754
-13578
-13394
-13205
-13009
-12811
-12604
-12396
-12178
-11954
-11727
-11492
-11255
-11015
-10768
-10516
-10257
-9997
-9733
-9462
-9189
-8910
-8630
-8343
-8053
-7759
-7463
-7162
-6861
-6555
-6246
-5936
-5622
-5304
-4986
-4664
-4341
-4016
-3692
-3361
-3033
-2700
-2370
-2036
-1700
-1365
-1030
-694
-356
-20
314
648
985
1322
1656
1991
2324
2658
2988
3319
3645
3974
4298
4623
4943
5261
5580
5892
6206
6513
6819
7122
7423
7720
8015
8302
8589
8871
9151
9424
9695
9961
10225
10480
10733
10980
11223
11461
11696
11923
12145
12367
12577
12782
12984
13177
13367
13551
13728
13899
14067
14224
14376
14526
14665
14797
14927
15047
15161
15269
15369
15464
15551
15633
15704
15772
15832
15882
15933
15970
16001
16025
16043
16054
16059
16055
16044
16029
16003
15972
15933
15888
15834
15775
15709
15634
15557
15469
15375
15275
15167
15054
14933
14806
14673
14533
14387
14235
14077
13912
13739
13562
13379
13189
12997
12796
12587
12378
12161
11936
11710
11477
11239
10996
10750
10497
10238
9979
9713
9442
9168
8889
8609
8321
8032
7738
7442
7142
6840
6533
6224
5913
5599
5281
4964
4642
4318
3994
3667
3339
3009
2680
2347
2013
1677
1341
1009
669
334
0
-337
-673
-1008
-1347
-1682
-2014
-2349
-2679
-3010
-3341
-3669
-3997
-4320
-4645
-4964
-5284
-5600
-5916
-6226
-6536
-6842
-7144
-7444
-7741
-8033
-8323
-8611
-8893
-9170
-9449
-9716
-9981
-10242
-10498
-10752
-11000
-11243
-11479
-11712
-11940
-12162
-12381
-12591
-12797
-13000
-13193
-13383
-13566
-13742
-13913
-14081
-14237
-14389
-14538
-14677
-14811
-14939
-15057
-15172
-15281
-15378
-15474
-15562
-15640
-15713
-15780
-15839
-15892
-15938
-15976
-16008
-16034
-16050
-16058
-16065
-16060
-16048
-16032
-16005
-15974
-15936
-15890
-15837
-15779
-15710
-15638
-15557
-15470
-15376
-15276
-15167
-15052
-14932
-14804
-14669
-14533
-14383
-14230
-14072
-13906
-13734
-13554
-13373
-13183
-12990
-12788
-12581
-12371
-12153
-11924
-11703
-11467
-11230
-10989
-10738
-10488
-10231
-9968
-9702
-9432
-9157
-8878
-8597
-8309
-8020
-7729
-7429
-7129
-6828
-6521
-6212
-5902
-5585
-5268
-4951
-4630
-4306
-3980
-3653
-3325
-2996
-2664
-2332
-1998
-1663
-1329
-994
-656
-322
18
350
687
1023
1360
1693
2029
2361
2694
3024
3355
3683
4008
4335
4658
4978
5297
5614
5929
6238
6548
6853
7157
7456
7754
8046
8334
8621
8901
9180
9456
9724
9991
10254
10508
10760
11009
11251
11489
11722
11947
12171
12392
12598
12804
13006
13199
13388
13573
13746
13920
14084
14241
14395
14542
14680
14814
14940
15060
15173
15281
15380
15474
15563
15639
15714
15780
15838
15889
15936
15973
16003
16030
16044
16056
16059
16054
16043
16027
16000
15967
15931
15882
15830
15771
15700
15628
15547
15459
15365
15265
15156
15042
14921
14792
14658
14518
14370
14218
14061
13889
13720
13545
13358
13169
12974
12772
12562
12354
12134
11911
11685
11450
11213
10970
10722
10469
10211
9948
9683
9413
9137
8858
8577
8290
7999
7706
7410
7108
6807
6500
6190
5879
5564
5247
4930
4607
4281
3957
3630
3301
2974
2640
2310
1974
1640
1305
969
632
297
-37
-374
-710
-1046
-1383
-1716
-2057
-2384
-2717
-3049
-3378
-3705
-4032
-4357
-4680
-5002
-5319
-5637
-5950
-6261
-6569
-6875
-7177
-7477
-7775
-8068
-8353
-8642
-8922
-9200
-9475
-9745
-10011
-10271
-10527
-10780
-11028
-11267
-11506
-11740
-11964
-12188
-12405
-12613
-12820
-13022
-13214
-13402
-13587
-13763
-13933
-14099
-14256
-14408
-14554
-14692
-14827
-14952
-15070
-15184
-15291
-15388
-15485
-15571
-15648
-15722
-15788
-15845
-15897
-15944
-15980
-16011
-16036
-16050
-16062
-16064
-16059
-16048
-16031
-16002
-15971
-15932
-15882
-15831
-15771
-15702
-15628
-15548
-15458
-15363
-15264
-15154
-15041
-14918
-14790
-14656
-14514
-14367
-14214
-14055
-13886
-13716
-13536
-13352
-13163
-12969
-12765
-12559
-12346
-12128
-11902
-11676
-11441
-11204
-10960
-10711
-10459
-10202
-9937
-9672
-9402
-9126
-8847
-8565
-8278
-7988
-7694
-7395
-7098
-6795
-6487
-6176
-5866
-5550
-5234
-4915
-4592
-4270
-3945
-3616
-3287
-2958
-2628
-2294
-1961
-1625
-1292
-955
-620
-282
53
388
725
1064
1396
1732
2066
2400
2732
3061
3392
3719
4046
4370
4694
5014
5332
5650
5963
6272
6582
6889
7190
7489
7786
8077
8367
8652
8934
9211
9485
9753
10021
10279
10536
10788
11036
11277
11516
11746
11973
12195
12411
12621
12827
13028
13220
13408
13591
13767
13938
14102
14260
14413
14558
14694
14828
14955
15071
15187
15292
15390
15486
15570
15648
15721
15786
15843
15896
15940
15976
16008
16031
16046
16055
16060
16053
16042
16022
15996
15964
15924
15876
15823
15763
15693
15620
15538
15448
15354
15253
15144
15028
14906
14777
14644
14501
14354
14200
14040
13872
13700
13522
13336
13149
12951
12750
12543
12330
12111
11888
11656
11424
11187
10941
10692
10440
10182
9918
9654
9380
9106
8828
8543
8257
7967
7674
7375
7075
6771
6465
6157
5843
5528
5212
4893
4571
4247
3922
3594
3265
2935
2606
2270
1935
1603
1267
933
597
260
-76
-410
-748
-1085
-1422
-1755
-2089
-2423
-2753
-3084
-3414
-3742
-4067
-4393
-4718
-5036
-5355
-5670
-5985
-6295
-6606
-6909
-7210
-7511
-7807
-8100
-8387
-8673
-8954
-9232
-9505
-9773
-10039
-10300
-10555
-10807
-11054
-11295
-11534
-11765
-11989
-12214
-12427
-12637
-12844
-13041
-13236
-13424
-13606
-13781
-13951
-14115
-14273
-14426
-14568
-14706
-14841
-14965
-15084
-15198
-15302
-15401
-15494
-15580
-15657
-15730
-15793
-15851
-15905
-15946
-15984
-16015
-16036
-16051
-16061
-16064
-16057
-16046
-16026
-16001
-15966
-15927
-15878
-15826
-15763
-15695
-15621
-15537
-15448
-15354
-15251
-15140
-15027
-14904
-14775
-14640
-14499
-14350
-14196
-14035
-13868
-13697
-13517
-13331
-13143
-12940
-12743
-12537
-12322
-12104
-11879
-11651
-11415
-11178
-10932
-10683
-10430
-10172
-9908
-9643
-9372
-9095
-8815
-8532
-8245
-7956
-7658
-7363
-7064
-6759
-6453
-6142
-5832
-5516
-5199
-4878
-4556
-4233
-3908
-3580
-3250
-2922
-2591
-2256
-1924
-1590
-1253
-917
-582
-245
89
426
762
1097
1435
1769
2103
2435
2769
3099
3428
3755
4085
4408
4728
5049
5368
5685
5998
6307
6617
6921
7225
7522
7819
8109
8398
8686
8965
9244
9516
9784
10049
10309
10565
10816
11063
11304
11541
11773
11998
12220
12435
12645
12852
13048
13242
13429
13610
13790
13956
14118
14277
14429
14571
14711
14843
14968
15087
15200
15302
15401
15497
15578
15655
15729
15791
15851
15902
15945
15981
16011
16034
16048
16059
16056
16053
16041
16020
15994
15961
15920
15870
15817
15753
15685
15612
15528
15437
15343
15241
15132
15016
14892
14764
14628
14486
14339
14184
14022
13854
13683
13502
13316
13128
12929
12727
12521
12306
12087
11864
11632
11398
11160
10914
10665
10412
10152
9888
9624
9351
9074
8795
8512
8225
7936
7639
7342
7042
6737
6430
6122
5809
5493
5177
4856
4534
4211
3884
3557
3228
2900
2567
2234
1901
1566
1231
895
559
224
-116
-451
-786
-1122
-1457
-1792
-2126
-2459
-2792
-3120
-3452
-3779
-4104
-4429
-4752
-5072
-5390
-5707
-6019
-6330
-6638
-6944
-7245
-7545
-7839
-8131
-8421
-8705
-8986
-9263
-9535
-9804
-10070
-10328
-10585
-10836
-11080
-11324
-11560
-11789
-12017
-12237
-12450
-12660
-12867
-13064
-13258
-13446
-13625
-13801
-13971
-14133
-14290
-14442
-14584
-14722
-14854
-14978
-15097
-15210
-15312
-15411
-15506
-15586
-15665
-15738
-15800
-15858
-15909
-15951
-15987
-16018
-16038
-16054
-16063
-16062
-16057
-16045
-16024
-15996
-15964
-15919
-15872
-15820
-15755
-15687
-15610
-15529
-15438
-15344
-15239
-15129
-15014
-14889
-14761
-14625
-14481
-14333
-14180
-14017
-13850
-13676
-13496
-13310
-13121
-12922
-12720
-12512
-12295
-12079
-11855
-11623
-11389
-11150
-10904
-10656
-10403
-10143
-9880
-9613
-9339
-9063
-8785
-8501
-8213
-7923
-7626
-7330
-7029
-6724
-6418
-6108
-5795
-5480
-5163
-4843
-4521
-4198
-3871
-3544
-3215
-2884
-2554
-2219
-1886
-1551
-1216
-880
-543
-209
126
463
799
1135
1471
1806
2140
2471
2805
3136
3465
3792
4120
4442
4767
5085
5404
5720
6033
6342
6652
6955
7257
7558
7850
8142
8432
8715
8997
9273
9545
9815
10080
10342
10594
10845
11088
11332
11568
11797
12023
12246
12457
12668
12874
13070
13264
13449
13630
13806
13976
14137
14294
14445
14587
14725
14857
14980
15099
15210
15313
15412
15505
15587
15664
15737
15798
15856
15906
15948
15986
16014
16035
16051
16058
16058
16052
16040
16016
15991
15957
15913
15865
15809
15747
15677
15602
15517
15429
15332
15227
15119
15002
14877
14748
14613
14468
14321
14165
14002
13835
13661
13483
13295
13106
12905
12704
12495
12282
12063
11835
11606
11371
11133
10887
10638
10382
10124
9859
9592
9319
9045
8765
8479
8195
7903
7606
7308
7008
6702
6398
6086
5774
5458
5141
4820
4498
4175
3848
3521
3192
2861
2530
2198
1865
1528
1194
856
521
184
-151
-486
-823
-1159
-1494
-1831
-2164
-2495
-2829
-3157
-3489
-3815
-4141
-4471
-4787
-5108
-5427
-5741
-6055
-6365
-6673
-6976
-7280
-7576
-7873
-8163
-8452
-8742
-9017
-9292
-9566
-9834
-10098
-10357
-10612
-10863
-11108
-11349
-11585
-11815
-12041
-12260
-12475
-12684
-12889
-13088
-13279
-13465
-13645
-13820
-13989
-14152
-14307
-14456
-14600
-14739
-14868
-14992
-15111
-15221
-15324
-15422
-15513
-15597
-15674
-15745
-15806
-15865
-15914
-15956
-15993
-16019
-16042
-16055
-16063
-16062
-16058
-16043
-16020
-15993
-15958
-15916
-15868
-15811
-15749
-15679
-15601
-15517
-15429
-15331
-15227
-15116
-14999
-14874
-14746
-14609
-14465
-14318
-14160
-13998
-13828
-13655
-13476
-13291
-13098
-12900
-12698
-12488
-12273
-12055
-11827
-11598
-11363
-11123
-10877
-10628
-10373
-10112
-9850
-9583
-9309
-9033
-8754
-8468
-8180
-7890
-7595
-7298
-6996
-6691
-6386
-6073
-5762
-5445
-5127
-4807
-4485
-4162
-3834
-3507
-3179
-2848
-2516
-2182
-1850
-1515
-1177
-844
-508
-170
163
502
836
1173
1509
1843
2178
2509
2842
3170
3502
3828
4156
4478
4800
5122
5439
5754
6067
6378
6686
6990
7290
7587
7884
8177
8462
8746
9028
9306
9575
9845
10106
10366
10622
10870
11118
11358
11592
11823
12049
12269
12482
12690
12895
13092
13285
13470
13649
13826
13995
14157
14311
14460
14604
14742
14870
14994
15113
15221
15325
15425
15512
15597
15674
15743
15806
15863
15910
15953
15990
16016
16037
16051
16058
16057
16053
16036
16014
15987
15951
15908
15860
15802
15739
15671
15591
15508
15419
15319
15217
15106
14986
14863
14734
14595
14453
14304
14147
13985
13817
13641
13460
13277
13082
12885
12682
12471
12258
12037
11811
11580
11346
11104
10859
10610
10354
10096
9831
9560
9290
9013
8733
8448
8163
7868
7573
7276
6973
6669
6363
6052
5739
5424
5105
4784
4463
4139
3811
3485
3156
2825
2494
2161
1827
1490
1155
820
483
147
-187
-524
-861
-1197
-1532
-1867
-2206
-2534
-2865
-3194
-3525
-3850
-4178
-4502
-4825
-5142
-5463
-5777
-6088
-6400
-6704
-7010
-7312
-7610
-7904
-8196
-8483
-8767
-9047
-9322
-9596
-9864
-10125
-10386
-10641
-10889
-11136
-11377
-11610
-11840
-12067
-12282
-12499
-12708
-12910
-13108
-13302
-13484
-13666
-13841
-14007
-14168
-14325
-14474
-14615
-14754
-14883
-15005
-15124
-15232
-15335
-15435
-15523
-15606
-15684
-15750
-15814
-15871
-15919
-15959
-15996
-16023
-16043
-16059
-16061
-16062
-16057
-16040
-16019
-15990
-15953
-15911
-15863
-15803
-15741
-15671
-15591
-15510
-15418
-15319
-15214
-15105
-14984
-14862
-14732
-14593
-14450
-14301
-14142
-13978
-13812
-13636
-13455
-13270
-13076
-12878
-12675
-12465
-12249
-12030
-11802
-11572
-11338
-11095
-10850
-10600
-10343
-10085
-9820
-9551
-9278
-9001
-8722
-8438
-8149
-7857
-7562
-7262
-6961
-6657
-6350
-6037
-5727
-5411
-5091
-4772
-4450
-4123
-3798
-3472
-3140
-2804
-2479
-2146
-1811
-1477
-1142
-805
-470
-133
203
538
876
1210
1545
1880
2215
2549
2879
3209
3538
3865
4191
4514
4837
5156
5474
5788
6103
6413
6719
7023
7325
7621
7917
8210
8494
8779
9059
9334
9606
9872
10136
10395
10649
10899
11144
11385
11619
11848
12074
12293
12505
12715
12915
13114
13306
13490
13670
13845
14011
14172
14330
14476
14620
14757
14884
15010
15126
15233
15335
15435
15522
15607
15681
15751
15813
15867
15916
15956
15994
16017
16039
16053
16057
16056
16049
16033
16012
15984
15946
15905
15854
15796
15733
15662
15582
15499
15409
15308
15204
15094
14973
14851
14720
14579
14437
14288
14128
13966
13797
13620
13441
13254
13060
12862
12658
12448
12234
12013
11786
11554
11320
11076
10832
10582
10325
10065
9801
9531
9259
8982
8702
8417
8128
7835
7541
7239
6939
6630
6328
6016
5704
5388
5070
4749
4427
4104
3775
3449
3119
2788
2456
2122
1789
1454
1118
784
445
109
-225
-563
-899
-1234
-1570
-1904
-2239
-2571
-2902
-3230
-3561
-3887
-4214
-4538
-4859
-5179
-5496
-5811
-6122
-6434
-6740
-7046
-7347
-7642
-7938
-8228
-8514
-8805
-9078
-9353
-9626
-9893
-10155
-10414
-10668
-10917
-11162
-11402
-11635
-11865
-12091
-12307
-12523
-12730
-12933
-13130
-13320
-13504
-13685
-13859
-14025
-14187
-14340
-14491
-14634
-14768
-14896
-15020
-15137
-15244
-15347
-15443
-15532
-15616
-15690
-15759
-15822
-15876
-15924
-15965
-15999
-16024
-16047
-16057
-16063
-16061
-16054
-16037
-16016
-15987
-15948
-15906
-15855
-15796
-15734
-15662
-15583
-15500
-15406
-15307
-15205
-15090
-14971
-14848
-14716
-14576
-14434
-14282
-14124
-13963
-13792
-13616
-13436
-13247
-13054
-12855
-12651
-12441
-12227
-12003
-11776
-11546
-11310
-11067
-10822
-10571
-10314
-10057
-9790
-9521
-9249
-8972
-8689
-8405
-8115
-7824
-7530
-7230
-6926
-6623
-6314
-6004
-5691
-5375
-5057
-4736
-4413
-4086
-3763
-3434
-3104
-2776
-2443
-2110
-1773
-1437
-1104
-768
-431
-95
238
577
912
1249
1583
1918
2252
2585
2916
3246
3576
3900
4228
4550
4873
5191
5510
5822
6138
6446
6752
7058
7357
7654
7950
8242
8527
8811
9090
9365
9638
9903
10169
10424
10676
10926
11171
11411
11645
11875
12097
12315
12531
12737
12938
13137
13326
13511
13690
13862
14029
14190
14345
14493
14636
14770
14898
15022
15137
15246
15349
15444
15532
15615
15689
15755
15820
15873
15922
15963
15993
16021
16041
16053
16057
16057
16048
16032
16011
15979
15943
15900
15847
15788
15726
15653
15574
15490
15395
15297
15194
15081
14961
14835
14705
14564
14422
14268
14111
13948
13777
13602
13420
13232
13039
12840
12635
12424
12208
11987
11760
11530
11291
11050
10805
10551
10295
10037
9770
9502
9229
8952
8670
8384
8095
7803
7508
7207
6907
6601
6292
5982
5669
5353
5033
4713
4390
4066
3740
3409
3083
2751
2420
2085
1752
1416
1081
744
407
72
-263
-598
-936
-1270
-1606
-1942
-2274
-2608
-2939
-3269
-3598
-3923
-4250
-4574
-4896
-5213
-5531
-5847
-6160
-6466
-6775
-7079
-7377
-7677
-7969
-8262
-8546
-8831
-9110
-9385
-9657
-9922
-10185
-10443
-10696
-10945
-11191
-11428
-11662
-11892
-12114
-12331
-12546
-12753
-12954
-13153
-13340
-13525
-13706
-13876
-14043
-14205
-14356
-14506
-14648
-14782
-14910
-15034
-15147
-15257
-15359
-15454
-15541
-15627
-15697
-15766
-15828
-15879
-15930
-15969
-16000
-16027
-16048
-16058
-16063
-16063
-16051
-16036
-16014
-15981
-15946
-15902
-15849
-15791
-15728
-15653
-15574
-15491
-15394
-15297
-15192
-15078
-14958
-14833
-14699
-14561
-14418
-14265
-14108
-13944
-13772
-13596
-13415
-13226
-13033
-12834
-12627
-12417
-12202
-11978
-11752
-11520
-11283
-11041
-10796
-10543
-10285
-10026
-9761
-9489
-9219
-8940
-8658
-8375
-8085
-7791
-7497
-7195
-6895
-6589
-6279
-5969
-5657
-5339
-5022
-4699
-4376
-4051
-3725
-3397
-3068
-2738
-2406
-2070
-1737
-1401
-1066
-730
-394
-58
277
614
949
1284
1621
1954
2291
2620
2954
3283
3612
3938
4264
4587
4908
5228
5545
5858
6172
6481
6788
7090
7392
7688
7983
8272
8557
8841
9119
9395
9666
9936
10196
10453
10705
10954
11199
11436
11669
11899
12122
12341
12553
12760
12960
13159
13347
13532
13710
13882
14048
14209
14362
14508
14651
14785
14914
15035
15149
15259
15360
15453
15543
15625
15695
15766
15825
15878
15926
15967
15998
16023
16045
16052
16059
16057
16047
16030
16007
15976
15938
15896
15841
15785
15718
15644
15565
15481
15384
15287
15182
15066
14947
14822
14687
14549
14404
14251
14093
13930
13758
13582
13400
13210
13015
12818
12611
12400
12185
11960
11735
11502
11265
11022
10777
10523
10267
10008
9742
9470
9199
8919
8638
8352
8063
7771
7475
7176
6873
6567
6257
5947
5634
5316
4998
4678
4354
4028
3703
3374
3045
2715
2382
2049
1714
1380
1043
707
370
34
-301
-638
-973
-1309
-1644
-1979
-2312
-2644
-2976
-3305
-3635
-3960
-4289
-4609
-4932
-5249
-5565
-5882
-6197
-6503
-6808
-7113
-7412
-7709
-8003
-8292
-8579
-8862
-9141
-9414
-9686
-9951
-10215
-10471
-10724
-10973
-11216
-11454
-11689
-11917
-12138
-12356
-12571
-12775
-12977
-13173
-13362
-13546
-13724
-13894
-14062
-14222
-14374
-14522
-14662
-14797
-14924
-15047
-15160
-15269
-15370
-15463
-15553
-15632
-15705
-15774
-15833
-15886
-15933
-15974
-16004
-16031
-16048
-16058
-16063
-16061
-16050
-16034
-16011
-15978
-15942
-15895
-15843
-15783
-15719
-15644
-15566
-15479
-15384
-15286
-15179
-15065
-14946
-14819
-14685
-14546
-14402
-14246
-14090
-13925
-13752
-13578
-13395
-13206
-13010
-12809
-12604
-12395
-12177
-11954
-11727
-11494
-11253
-11014
-10766
-10513
-10258
-9999
-9731
-9457
-9188
-8910
-8627
-8341
-8052
-7758
-7463
-7163
-6861
-6555
-6243
-5936
-5620
-5303
-4985
-4663
-4341
-4015
-3690
-3360
-3033
-2698
-2370
-2033
-1699
-1365
-1028
-693
-357
-20
315
650
987
1323
1658
1994
2325
2658
2991
3319
3648
3973
4299
4623
4944
5262
5580
5894
6207
6515
6819
7125
7424
7721
8014
8304
8592
8872
9151
9425
9696
9962
10225
10480
10733
10981
11225
11463
11697
11923
12146
12364
12576
12782
12985
13179
13366
13552
13730
13900
14068
14226
14378
14527
14665
14798
14927
15047
15161
15270
15370
15464
15551
15632
15705
15772
15832
15884
15932
15968
16002
16027
16044
16055
16058
16056
16044
16029
16003
15971
15934
15888
15836
15777
15710
15634
15556
15469
15374
15276
15168
15055
14935
14807
14673
14534
14387
14233
14077
13911
13738
13562
13380
13189
12996
12794
12587
12377
12159
11935
11709
11476
11238
10995
10747
10496
10240
9978
9710
9441
9166
8889
8606
8321
8031
7737
7440
7142
6840
6533
6222
5913
5597
5280
4963
4641
4316
3993
3664
3337
3008
2679
2345
2011
1676
1340
1007
669
334
-2
-342
-673
-1010
-1346
-1683
-2015
-2348
-2681
-3013
-3341
-3670
-3999
-4322
-4647
-4967
-5285
-5603
-5915
-6227
-6537
-6843
-7144
-7449
-7740
-8035
-8324
-8611
-8894
-9172
-9446
-9716
-9982
-10242
-10500
-10752
-11001
-11243
-11480
-11714
-11941
-12164
-12380
-12592
-12798
-13001
-13193
-13383
-13567
-13745
-13915
-14081
-14239
-14391
-14539
-14677
-14811
-14940
-15057
-15172
-15280
-15378
-15473
-15561
-15640
-15713
-15781
-15838
-15892
-15939
-15976
-16009
-16033
-16049
-16059
-16064
-16058
-16048
-16032
-16005
-15974
-15937
-15888
-15836
-15779
-15710
-15634
-15557
-15469
-15375
-15275
-15166
-15052
-14932
-14804
-14669
-14531
-14384
-14231
-14071
-13906
-13733
-13556
-13372
-13184
-12990
-12787
-12581
-12371
-12151
-11929
-11701
-11467
-11226
-10987
-10738
-10487
-10228
-9965
-9701
-9431
-9156
-8877
-8595
-8310
-8019
-7726
-7428
-7128
-6826
-6521
-6211
-5899
-5586
-5267
-4951
-4627
-4303
-3980
-3653
-3319
-2994
-2664
-2331
-1997
-1662
-1327
-992
-656
-319
18
352
690
1025
1361
1695
2030
2362
2694
3026
3355
3685
4011
4335
4659
4980
5299
5615
5931
6241
6549
6855
7158
7458
7754
8047
8335
8621
8903
9181
9458
9728
9991
10256
10509
10761
11009
11252
11489
11723
11947
12172
12389
12599
12806
13007
13200
13389
13572
13747
13918
14085
14242
14394
14542
14680
14814
14943
15060
15174
15282
15380
15474
15563
15640
15712
15780
15839
15890
15937
15973
16003
16031
16044
16055
16059
16053
16044
16025
16000
15966
15930
15881
15829
15770
15701
15627
15548
15458
15364
15265
15154
15041
14922
14791
14657
14518
14369
14215
14059
13892
13718
13544
13357
13169
12974
12772
12565
12354
12135
11910
11685
11449
11211
10969
10718
10467
10211
9946
9682
9411
9136
8857
8575
8288
7998
7704
7408
7107
6804
6498
6189
5880
5561
5246
4928
4605
4281
3956
3629
3299
2970
2635
2307
1975
1637
1305
967
632
296
-39
-376
-711
-1046
-1385
-1717
-2053
-2385
-2720
-3049
-3379
-3706
-4034
-4358
-4686
-5004
-5321
-5638
-5951
-6262
-6570
-6877
-7181
-7478
-7775
-8066
-8356
-8643
-8923
-9202
-9477
-9745
-10011
-10271
-10528
-10780
-11026
-11268
-11507
-11739
-11965
-12189
-12406
-12615
-12822
-13023
-13217
-13404
-13587
-13763
-13934
-14099
-14255
-14409
-14555
-14692
-14827
-14953
-15072
-15184
-15292
-15389
-15483
-15572
-15648
-15722
-15788
-15847
-15897
-15944
-15982
-16010
-16036
-16049
-16061
-16063
-16058
-16047
-16030
-16002
-15970
-15933
-15883
-15831
-15770
-15701
-15628
-15548
-15458
-15362
-15263
-15154
-15040
-14918
-14788
-14656
-14515
-14366
-14213
-14054
-13886
-13714
-13535
-13352
-13163
-12967
-12764
-12559
-12347
-12126
-11903
-11674
-11440
-11204
-10960
-10709
-10459
-10200
-9937
-9671
-9400
-9126
-8845
-8563
-8277
-7987
-7693
-7395
-7095
-6792
-6485
-6175
-5864
-5549
-5231
-4914
-4592
-4270
-3943
-3616
-3287
-2958
-2626
-2294
-1958
-1625
-1290
-954
-617
-282
55
390
725
1063
1398
1733
2066
2399
2732
3062
3394
3722
4047
4371
4694
5015
5334
5651
5963
6276
6583
6889
7191
7491
7787
8078
8368
8653
8935
9213
9486
9756
10020
10281
10537
10790
11036
11278
11515
11748
11972
12197
12413
12622
12830
13029
13221
13410
13592
13768
13938
14102
14259
14411
14557
14695
14829
14955
15072
15186
15294
15390
15486
15571
15650
15721
15785
15844
15897
15942
15977
16009
16030
16046
16056
16059
16051
16042
16024
15995
15965
15923
15875
15822
15763
15693
15620
15538
15449
15354
15252
15142
15028
14905
14778
14642
14501
14352
14201
14038
13872
13700
13522
13335
13146
12952
12748
12543
12328
12110
11886
11656
11423
11186
10941
10691
10440
10181
9918
9651
9382
9104
8826
8543
8257
7966
7671
7374
7074
6771
6465
6154
5841
5528
5211
4892
4569
4245
3920
3594
3265
2935
2602
2271
1936
1602
1266
932
594
259
-78
-413
-749
