1 3276800 3276800
1 3276800 3276800
1 3276800 3276800
1 3276800 3276800
1 3276800 3276800
1 3276800 3276800
1 3276800 3276800
1 3276800 3276800
1 3276800 3276800
1 3276800 3276800
1 3276800 3276800
1 3276800 3276800
1 3276800 3276800
1 3276800 3276800
1 3276800 3276800
1 3276800 3276800
1 3276800 3276800
1 3276800 3276800
1 3276800 3276800
1 3276800 3276800
1 3276800 3276800
1 3276800 3276800
1 3276800 3276800
1 3276800 3276800
1 3276800 3276800
1 3276800 3276800
1 3276800 3276800
1 3276800 3276800
1 3276800 3276800
2 3276800 3276800
2 3691643 3318287
2 3276800 3314138
2 3276800 3310404
2 3276800 3307043
2 3276800 3304019
2 3276800 3301297
2 3276800 3298847
2 3276800 3296642
2 3276800 3294658
2 3276800 3292872
2 3276800 3291265
2 3276800 3289818
2 3276800 3288516
2 3276800 3287344
2 3276800 3286290
2 3276800 3285341
2 3276800 3284487
2 3276800 3283718
2 3276800 3283026
2 3276800 3282403
2 3276800 3281843
2 3276800 3281339
2 3276800 3280885
2 3276800 3280476
2 3276800 3280108
2 3276800 3279777
2 3276800 3279479
2 3276800 3279211
3 3280077 3277128
3 3283354 3277751
3 3286630 3278639
3 3289907 3279766
3 3293184 3281108
3 3296461 3282643
3 3299738 3284353
3 3303014 3286219
3 3306291 3288226
3 3309568 3290360
3 3312845 3292609
3 3316122 3294960
3 3319398 3297404
3 3322675 3299931
3 3325952 3302533
3 3329229 3305203
3 3332506 3307933
3 3335782 3310718
3 3339059 3313552
3 3342336 3316431
3 3342336 3319022
3 3342336 3321354
3 3342336 3323452
3 3342336 3325341
3 3342336 3327041
3 3342336 3328571
3 3342336 3329948
3 3342336 3331187
3 3342336 3332302
4 3276800 3276800
4 3276800 3276800
4 3276800 3276800
4 3276800 3276800
4 3342336 3283354
4 3342336 3289253
4 3342336 3294562
4 3342336 3299340
4 3342336 3303640
4 3342336 3307510
4 3342336 3310993
4 3342336 3314127
4 3342336 3316948
4 3342336 3319487
4 3342336 3321772
4 3342336 3323829
4 3342336 3325680
4 3342336 3327346
4 3342336 3328845
4 3342336 3330194
4 3342336 3331408
4 3342336 3332501
4 3342336 3333485
4 3342336 3334370
4 3342336 3335167
4 3342336 3335884
4 3342336 3336529
4 3342336 3337110
4 3342336 3337633
5 3276800 3276800
5 3691643 3318287
5 3278111 3314269
5 3277455 3310587
5 3277128 3307241
5 3276997 3304216
5 3276866 3301481
5 3276839 3299017
5 3276820 3296797
5 3276800 3294797
5 3276780 3292995
5 3276761 3291372
5 3276747 3289909
5 3276738 3288592
5 3276734 3287406
5 3276738 3286339
5 3276747 3285380
5 3276761 3284518
5 3276780 3283744
5 3276800 3283050
5 3276820 3282427
5 3276839 3281868
5 3276853 3281366
5 3276862 3280916
5 3276866 3280511
5 3276862 3280146
5 3276853 3279817
5 3276839 3279519
5 3276820 3279249
6 3296061 3278726
6 3307964 3281650
6 3307964 3284282
6 3296061 3285460
6 3276800 3284594
6 3257539 3281888
6 3245636 3278263
6 3245636 3275000
6 3257539 3273254
6 3276800 3273609
6 3296061 3275854
6 3307964 3279065
6 3307964 3281955
6 3296061 3283366
6 3276800 3282709
6 3257539 3280192
6 3245636 3276736
6 3245636 3273626
6 3257539 3272017
6 3276800 3272495
6 3296061 3274852
6 3307964 3278163
6 3307964 3281143
6 3296061 3282635
6 3276800 3282051
6 3257539 3279600
6 3245636 3276203
6 3245636 3273146
6 3257539 3271585
