1 3276800 3276800
1 3276800 3276800
1 3276800 3276800
1 3276800 3276800
1 3276800 3276800
1 3276800 3276800
1 3276800 3276800
1 3276800 3276800
1 3276800 3276800
1 3276800 3276800
1 3276800 3276800
1 3276800 3276800
1 3276800 3276800
1 3276800 3276800
1 3276800 3276800
1 3276800 3276800
1 3276800 3276800
1 3276800 3276800
1 3276800 3276800
1 3276800 3276800
1 3276800 3276800
1 3276800 3276800
1 3276800 3276800
1 3276800 3276800
1 3276800 3276800
1 3276800 3276800
1 3276800 3276800
1 3276800 3276800
1 3276800 3276800
2 3276800 3276800
2 3691643 3401254
2 3276800 3363917
2 3276800 3337782
2 3276800 3319487
2 3276800 3306681
2 3276800 3297717
2 3276800 3291442
2 3276800 3287049
2 3276800 3283974
2 3276800 3281822
2 3276800 3280315
2 3276800 3279260
2 3276800 3278522
2 3276800 3278005
2 3276800 3277643
2 3276800 3277390
2 3276800 3277213
2 3276800 3277089
2 3276800 3277002
2 3276800 3276941
2 3276800 3276899
2 3276800 3276869
2 3276800 3276848
2 3276800 3276834
2 3276800 3276824
2 3276800 3276817
2 3276800 3276812
2 3276800 3276808
3 3280077 3277783
3 3283354 3279454
3 3286630 3281607
3 3289907 3284097
3 3293184 3286823
3 3296461 3289714
3 3299738 3292721
3 3303014 3295809
3 3306291 3298954
3 3309568 3302138
3 3312845 3305350
3 3316122 3308582
3 3319398 3311827
3 3322675 3315081
3 3325952 3318342
3 3329229 3321608
3 3332506 3324877
3 3335782 3328149
3 3339059 3331422
3 3342336 3334696
3 3342336 3336988
3 3342336 3338592
3 3342336 3339715
3 3342336 3340501
3 3342336 3341052
3 3342336 3341437
3 3342336 3341707
3 3342336 3341896
3 3342336 3342028
4 3276800 3276800
4 3276800 3276800
4 3276800 3276800
4 3276800 3276800
4 3342336 3296461
4 3342336 3310224
4 3342336 3319858
4 3342336 3326601
4 3342336 3331322
4 3342336 3334626
4 3342336 3336939
4 3342336 3338558
4 3342336 3339691
4 3342336 3340485
4 3342336 3341040
4 3342336 3341429
4 3342336 3341701
4 3342336 3341892
4 3342336 3342025
4 3342336 3342118
4 3342336 3342183
4 3342336 3342229
4 3342336 3342261
4 3342336 3342284
4 3342336 3342300
4 3342336 3342311
4 3342336 3342319
4 3342336 3342324
4 3342336 3342328
5 3276800 3276800
5 3691643 3401254
5 3278111 3364311
5 3277455 3338254
5 3277128 3319916
5 3276997 3307040
5 3276866 3297988
5 3276839 3291643
5 3276820 3287196
5 3276800 3284077
5 3276780 3281888
5 3276761 3280350
5 3276747 3279269
5 3276738 3278510
5 3276734 3277977
5 3276738 3277605
5 3276747 3277348
5 3276761 3277172
5 3276780 3277054
5 3276800 3276978
5 3276820 3276931
5 3276839 3276903
5 3276853 3276888
5 3276862 3276880
5 3276866 3276876
5 3276862 3276872
5 3276853 3276866
5 3276839 3276858
5 3276820 3276847
6 3296061 3282578
6 3307964 3290194
6 3307964 3295525
6 3296061 3295686
6 3276800 3290020
6 3257539 3280276
6 3245636 3269884
6 3245636 3262610
6 3257539 3261089
6 3276800 3265802
6 3296061 3274880
6 3307964 3284805
6 3307964 3291753
6 3296061 3293045
6 3276800 3288171
6 3257539 3278981
6 3245636 3268977
6 3245636 3261975
6 3257539 3260644
6 3276800 3265491
6 3296061 3274662
6 3307964 3284653
6 3307964 3291646
6 3296061 3292971
6 3276800 3288120
6 3257539 3278946
6 3245636 3268953
6 3245636 3261958
6 3257539 3260632
