1 3276800 3276800
1 3276800 3276800
1 3276800 3276800
1 3276800 3276800
1 3276800 3276800
1 3276800 3276800
1 3276800 3276800
1 3276800 3276800
1 3276800 3276800
1 3276800 3276800
1 3276800 3276800
1 3276800 3276800
1 3276800 3276800
1 3276800 3276800
1 3276800 3276800
1 3276800 3276800
1 3276800 3276800
1 3276800 3276800
1 3276800 3276800
1 3276800 3276800
1 3276800 3276800
1 3276800 3276800
1 3276800 3276800
1 3276800 3276800
1 3276800 3276800
1 3276800 3276800
1 3276800 3276800
1 3276800 3276800
1 3276800 3276800
2 3276800 3276800
2 3691643 3484222
2 3276800 3380511
2 3276800 3328656
2 3276800 3302728
2 3276800 3289764
2 3276800 3283282
2 3276800 3280041
2 3276800 3278421
2 3276800 3277611
2 3276800 3277206
2 3276800 3277003
2 3276800 3276902
2 3276800 3276851
2 3276800 3276826
2 3276800 3276813
2 3276800 3276807
2 3276800 3276804
2 3276800 3276802
2 3276800 3276801
2 3276800 3276801
2 3276800 3276801
2 3276800 3276801
2 3276800 3276801
2 3276800 3276801
2 3276800 3276801
2 3276800 3276801
2 3276800 3276801
2 3276800 3276801
3 3280077 3278439
3 3283354 3280897
3 3286630 3283764
3 3289907 3286836
3 3293184 3290010
3 3296461 3293236
3 3299738 3296487
3 3303014 3299751
3 3306291 3303021
3 3309568 3306295
3 3312845 3309570
3 3316122 3312846
3 3319398 3316122
3 3322675 3319399
3 3325952 3322676
3 3329229 3325953
3 3332506 3329230
3 3335782 3332506
3 3339059 3335783
3 3342336 3339060
3 3342336 3340698
3 3342336 3341517
3 3342336 3341927
3 3342336 3342132
3 3342336 3342234
3 3342336 3342285
3 3342336 3342311
3 3342336 3342324
3 3342336 3342330
4 3276800 3276800
4 3276800 3276800
4 3276800 3276800
4 3276800 3276800
4 3342336 3309568
4 3342336 3325952
4 3342336 3334144
4 3342336 3338240
4 3342336 3340288
4 3342336 3341312
4 3342336 3341824
4 3342336 3342080
4 3342336 3342208
4 3342336 3342272
4 3342336 3342304
4 3342336 3342320
4 3342336 3342328
4 3342336 3342332
4 3342336 3342334
4 3342336 3342335
4 3342336 3342336
4 3342336 3342336
4 3342336 3342336
4 3342336 3342336
4 3342336 3342336
4 3342336 3342336
4 3342336 3342336
4 3342336 3342336
4 3342336 3342336
5 3276800 3276800
5 3691643 3484222
5 3278111 3381167
5 3277455 3329311
5 3277128 3303220
5 3276997 3290109
5 3276866 3283488
5 3276839 3280164
5 3276820 3278492
5 3276800 3277646
5 3276780 3277213
5 3276761 3276987
5 3276747 3276867
5 3276738 3276803
5 3276734 3276769
5 3276738 3276754
5 3276747 3276751
5 3276761 3276756
5 3276780 3276768
5 3276800 3276784
5 3276820 3276802
5 3276839 3276821
5 3276853 3276837
5 3276862 3276850
5 3276866 3276858
5 3276862 3276860
5 3276853 3276857
5 3276839 3276848
5 3276820 3276834
6 3296061 3286431
6 3307964 3297198
6 3307964 3302581
6 3296061 3299321
6 3276800 3288061
6 3257539 3272800
6 3245636 3259218
6 3245636 3252427
6 3257539 3254983
6 3276800 3265892
6 3296061 3280977
6 3307964 3294471
6 3307964 3301218
6 3296061 3298640
6 3276800 3287720
6 3257539 3272630
6 3245636 3259133
6 3245636 3252385
6 3257539 3254962
6 3276800 3265881
6 3296061 3280971
6 3307964 3294468
6 3307964 3301216
6 3296061 3298639
6 3276800 3287720
6 3257539 3272630
6 3245636 3259133
6 3245636 3252385
6 3257539 3254962
